0.285805 47 70.98039215686275
2.117346 12 1774.25
3.408961 47 70.98039215686275
4.191229 47 70.98039215686275
4.971919 12 1617.25
5.751000 12 1562.0
6.532074 12 1375.5
7.823250 47 70.58823529411765
10.647629 13 34
11.938548 47 70.58823529411765
12.448108 12 1235.25
13.739254 13 29
15.541995 13 28
18.366404 47 70.58823529411765
18.874117 12 1756.5
20.675889 13 30
24.009760 47 70.19607843137254
26.561801 13 13
28.875156 47 70.19607843137254
29.385399 13 25
29.897122 13 26
33.260829 12 1850.0
33.528772 12 1837.5
33.801181 13 34
34.069295 47 70.19607843137254
34.339584 47 70.19607843137254
36.203124 13 36
36.471877 47 70.19607843137254
38.065213 13 35
38.333583 47 70.19607843137254
39.624856 47 70.19607843137254
41.188199 12 1258.0
41.968632 47 70.19607843137254
44.279696 47 69.80392156862744
44.792102 13 32
46.591827 13 31
47.102356 13 31
49.416022 47 69.80392156862744
50.705931 12 1119.75
50.976548 12 1112.5
51.246709 13 32
51.518705 47 69.80392156862744
52.567807 12 1118.25
54.609904 12 1063.75
56.922150 12 1074.0
57.432691 13 18
60.255649 47 69.01960784313725
60.765977 12 1564.0
61.276506 12 1584.25
63.590258 12 1473.5
63.859126 47 69.01960784313725
64.129373 47 69.01960784313725
65.721101 12 1173.0
65.992913 13 33
66.261496 47 69.01960784313725
67.855301 13 33
68.123457 13 33
69.715612 12 1467.25
69.985333 13 34
70.257457 47 69.01960784313725
70.525741 47 69.01960784313725
72.117883 12 1408.25
72.387702 13 35
74.249451 12 1310.25
74.520039 13 34
76.111626 12 1284.25
76.382085 12 1283.0
76.651863 13 34
76.922779 47 68.62745098039215
78.784058 12 1278.75
79.054262 13 33
79.324849 47 68.62745098039215
80.647056 12 1297.5
80.916138 12 1432.75
81.186427 47 68.62745098039215
83.319318 12 1514.0
83.589521 13 32
83.859585 47 68.62745098039215
85.451696 12 1543.0
85.721729 12 1541.75
85.991195 13 33
86.261740 47 68.62745098039215
87.854096 12 1426.0
88.123361 47 68.62745098039215
89.985237 12 1507.0
90.256721 13 33
90.525730 47 68.62745098039215
90.796262 47 68.62745098039215
92.387905 12 1366.25
92.659090 13 33
92.928172 47 68.23529411764706
94.790176 13 31
95.062897 13 30
95.330541 47 68.23529411764706
96.381989 12 1070.0
96.651851 13 23
96.924133 47 68.23529411764706
97.192630 47 68.23529411764706
98.513728 13 12
100.645850 12 861.5
100.916169 13 6
101.186715 47 67.84313725490196
101.456790 47 67.84313725490196
103.589297 12 1456.0
103.859147 13 8
105.180372 12 1752.5
105.450661 12 1766.0
105.720908 12 1776.5
105.991483 13 18
106.261516 13 19
106.533512 47 67.84313725490196
107.853444 12 1846.5
108.123392 13 25
108.394108 47 67.84313725490196
110.255472 12 1673.0
110.525719 12 1634.75
111.066455 12 1560.75
111.338365 13 31
111.606820 13 31
111.878547 47 67.84313725490196
113.198705 12 1179.25
113.469165 13 30
113.741033 47 67.84313725490196
115.871138 12 1084.0
116.143176 13 25
116.411631 13 24
116.682986 47 67.84313725490196
118.273550 12 1097.0
118.545545 13 22
118.814030 13 22
119.086239 47 67.45098039215686
120.676089 12 1878.25
120.948030 13 28
121.216527 47 67.45098039215686
122.537923 12 1452.25
122.808839 12 1388.0
123.078958 13 31
123.350356 47 67.45098039215686
125.210696 12 1663.75
125.480730 12 1735.5
125.752725 47 67.45098039215686
128.155210 12 1289.75
128.423622 13 32
128.694892 13 32
128.964187 47 67.45098039215686
130.285541 13 29
130.559158 47 67.45098039215686
130.826063 47 67.45098039215686
132.419882 12 1063.0
132.687995 13 21
132.959978 47 67.45098039215686
133.228774 47 67.45098039215686
134.279497 12 958.5
134.549743 13 12
134.820318 47 67.45098039215686
135.090351 47 67.45098039215686
137.764972 13 2
138.033243 47 67.45098039215686
139.895120 12 711.0
142.027498 13 0
142.297830 13 0
142.569570 47 67.05882352941177
144.459691 47 67.05882352941177
145.031445 12 707.75
145.300497 13 0
146.893919 12 698.0
147.162373 12 702.75
147.433601 47 67.05882352941177
149.296331 12 697.75
149.564743 12 696.25
149.836256 47 67.05882352941177
151.426662 12 701.0
151.698700 13 0
151.967142 47 67.05882352941177
154.101227 12 701.25
154.369767 13 0
154.641763 13 0
154.911228 47 67.05882352941177
156.771923 12 699.5
157.043479 13 0
157.312488 47 67.05882352941177
158.906294 12 701.75
159.174364 13 0
159.445848 13 0
159.714900 47 67.05882352941177
161.308322 12 696.75
161.576734 13 0
161.848034 47 67.05882352941177
163.438653 12 700.5
163.710691 13 0
163.979175 47 67.05882352941177
164.250659 47 67.05882352941177
165.571031 12 698.5
165.841009 47 67.45098039215686
167.162917 12 701.0
167.432779 13 0
167.703069 47 67.45098039215686
167.973558 47 67.45098039215686
168.243463 47 67.45098039215686
169.835947 12 707.75
170.105340 13 0
170.375927 47 67.45098039215686
171.698091 12 697.5
171.967173 12 702.0
172.237420 13 0
172.507666 13 0
172.778425 47 67.45098039215686
174.100747 12 696.5
174.369585 13 0
174.639789 47 67.45098039215686
174.910151 47 67.45098039215686
176.231419 12 700.25
176.503116 12 697.0
176.771912 47 67.45098039215686
177.042444 47 67.45098039215686
178.365589 12 705.0
178.633788 13 0
178.906709 13 0
180.767873 13 0
181.036784 47 67.45098039215686
182.628085 12 1535.0
182.898106 12 1704.0
184.759909 12 2030.25
185.030484 13 21
185.300518 47 67.45098039215686
187.162309 12 2223.25
187.432896 13 32
187.703015 47 67.45098039215686
189.835295 12 2170.0
190.105329 12 2162.75
190.377836 13 46
190.645779 47 67.45098039215686
190.918018 47 67.45098039215686
192.779979 47 67.45098039215686
194.369489 13 60
195.962639 12 1950.0
196.231654 47 67.84313725490196
196.501822 47 67.84313725490196
198.093916 13 69
198.364595 13 69
198.634122 47 67.84313725490196
200.227624 12 1707.0
200.496000 12 1701.25
200.767020 47 67.84313725490196
202.357664 12 1622.75
204.219797 13 72
204.490562 47 67.84313725490196
205.540925 12 1576.75
205.812445 12 1598.0
206.081503 12 1623.5
206.351756 13 71
206.622009 47 67.84313725490196
207.943466 12 1931.0
208.215041 13 71
208.483971 47 67.84313725490196
209.805343 12 1859.5
210.077473 12 1851.5
210.345849 13 72
210.617552 47 67.84313725490196
211.937900 12 1772.25
212.207811 47 67.84313725490196
213.259839 12 1637.25
213.529281 13 72
213.799393 47 67.84313725490196
215.122569 12 1374.75
215.390987 13 71
215.664056 13 71
215.931950 47 67.45098039215686
217.524952 13 72
217.794083 47 67.45098039215686
219.655333 12 1501.5
219.927493 13 73
220.195911 13 73
220.467188 47 67.45098039215686
222.057873 12 1516.0
224.460299 12 1319.5
224.732642 47 67.45098039215686
226.862797 13 64
227.134842 13 62
227.403260 47 67.45098039215686
228.995311 12 1213.5
229.265521 47 67.05882352941177
230.856804 12 1160.75
231.127100 13 43
231.397822 47 67.05882352941177
232.989020 12 1096.75
233.259272 13 30
233.529525 47 67.05882352941177
235.391445 12 1105.0
235.661783 47 66.66666666666667
236.984989 12 1564.0
237.253365 13 23
237.525324 47 66.66666666666667
237.793900 47 67.05882352941177
239.387543 13 28
239.655790 13 29
239.928334 47 67.05882352941177
241.247884 12 2048.5
243.349592 12 1689.25
244.400681 12 1533.75
245.721980 12 1478.75
247.013826 47 67.05882352941177
250.857518 47 67.05882352941177
251.367815 13 42
252.388824 47 67.05882352941177
252.901284 12 2141.0
255.211762 12 2225.75
255.724406 13 59
258.034616 12 2010.0
258.305167 13 66
260.437127 12 1845.5
260.707593 47 67.05882352941177
260.977662 47 67.05882352941177
262.569214 12 1832.75
262.839497 47 67.05882352941177
264.161478 13 77
264.432968 47 67.45098039215686
266.022801 13 79
266.294931 47 67.05882352941177
268.155230 12 1489.0
268.425269 13 80
269.746525 12 1579.75
270.016851 12 1568.75
270.287146 13 81
270.557954 47 67.05882352941177
271.879965 12 1426.75
272.149237 12 1414.5
272.419276 13 80
272.689572 47 67.05882352941177
274.282135 12 1357.75
274.551449 13 77
274.821774 47 67.05882352941177
276.144908 12 1332.5
276.413539 12 1319.0
276.684816 47 67.05882352941177
276.954118 47 67.05882352941177
278.005292 12 1289.75
278.275331 13 71
279.866913 12 1263.25
280.137209 13 69
281.730979 12 1248.0
281.999086 13 66
282.269338 47 67.05882352941177
283.592643 12 1256.25
283.861006 13 63
284.132581 47 67.05882352941177
285.722938 12 1231.0
285.995952 13 60
286.263516 13 60
287.584773 47 67.05882352941177
288.637654 12 1432.5
288.906272 12 1426.25
289.177421 47 67.05882352941177
289.446693 47 67.05882352941177
289.716945 47 67.05882352941177
291.040237 12 1376.5
291.308612 12 1344.25
291.580188 13 58
291.850215 47 67.05882352941177
293.170575 12 1210.75
293.442833 47 66.66666666666667
293.711251 47 66.66666666666667
295.032410 12 1140.75
295.303217 12 1137.75
295.572958 47 66.66666666666667
297.164582 13 48
297.434835 47 66.66666666666667
297.705429 47 66.66666666666667
299.567008 12 1532.25
299.837333 13 45
300.110743 47 66.66666666666667
301.431146 12 1341.5
301.699394 13 42
301.970274 47 66.66666666666667
303.020595 12 1875.0
303.292853 13 41
303.561186 47 66.66666666666667
305.153066 12 1994.5
305.423148 13 45
305.695193 47 67.05882352941177
307.014644 12 1772.5
307.284940 13 48
307.555705 47 67.05882352941177
308.877674 13 45
309.146817 47 67.05882352941177
310.740844 12 1175.75
311.009334 12 1264.5
311.280952 47 67.05882352941177
312.871681 12 1424.0
313.143043 47 67.05882352941177
315.003128 12 1592.25
315.273296 13 53
317.135002 12 1443.5
317.405554 13 54
317.675593 47 67.05882352941177
319.537428 12 1699.0
320.858927 12 1813.0
321.399348 12 1871.0
321.669600 13 58
323.261267 12 1902.5
323.533696 13 62
323.801803 47 66.66666666666667
325.395317 12 1958.75
325.663736 13 66
325.935682 47 66.66666666666667
327.798072 47 67.05882352941177
328.066148 47 67.05882352941177
329.658084 12 2641.5
329.928153 13 79
330.200412 47 67.05882352941177
330.468616 47 67.05882352941177
331.789988 12 2768.0
332.060539 13 86
332.330536 47 67.05882352941177
333.922161 12 2866.75
334.192413 12 2882.25
334.462965 12 2885.5
334.733303 47 67.05882352941177
335.005548 47 67.05882352941177
336.594882 13 97
336.866146 47 67.05882352941177
338.727524 12 2980.5
338.997337 13 103
339.267931 47 67.05882352941177
340.318807 12 3059.75
340.589955 12 3065.0
340.859257 13 107
342.992667 12 3104.5
343.261682 13 111
343.532020 47 67.05882352941177
345.123773 12 2871.5
345.394879 13 114
345.664108 47 67.05882352941177
347.257951 12 2739.25
347.526028 13 117
347.799084 47 67.05882352941177
349.660035 13 119
349.928867 13 120
351.520547 12 2516.0
351.790488 13 121
353.652293 12 2347.5
353.922874 47 67.05882352941177
354.192914 47 67.05882352941177
355.514213 12 2344.5
355.784465 13 121
356.054748 47 67.05882352941177
357.648007 12 2577.5
357.916668 13 122
358.186921 47 67.05882352941177
360.051017 12 2452.75
360.319179 13 123
360.589389 47 67.05882352941177
361.912638 12 2450.0
362.181227 12 2429.0
362.452760 47 66.66666666666667
364.315106 12 2216.5
364.583482 13 120
364.855471 13 120
365.124017 47 66.66666666666667
366.446468 12 2353.25
366.717660 13 118
366.986193 47 66.66666666666667
367.257683 47 66.66666666666667
368.847900 12 2205.0
369.120328 13 118
369.388704 47 66.66666666666667
370.709704 12 2170.5
370.980499 13 118
371.250325 47 66.66666666666667
372.841907 12 1909.25
373.112714 13 110
373.383436 47 66.66666666666667
374.974122 13 107
375.244418 47 66.27450980392157
376.567807 12 1987.0
376.835999 13 108
377.107276 47 66.27450980392157
378.427935 12 2229.25
378.698060 13 109
378.970007 47 66.27450980392157
380.289514 12 2311.0
381.100387 12 2144.0
381.372859 13 110
381.641021 47 66.27450980392157
382.691939 12 2025.25
382.962264 13 111
383.232816 47 66.27450980392157
383.502983 47 66.27450980392157
385.366098 12 2234.0
385.635625 13 112
385.906548 47 66.27450980392157
387.496948 12 2064.0
387.767158 13 111
388.037739 47 66.27450980392157
389.629035 13 110
389.899361 47 66.27450980392157
390.169741 47 66.27450980392157
391.762531 47 66.27450980392157
393.352918 12 2019.75
393.625218 13 110
393.893411 47 66.27450980392157
395.485304 12 2038.0
395.755642 13 110
398.157927 13 112
399.749393 12 2239.75
400.019718 13 111
400.290270 47 66.27450980392157
402.151848 13 111
402.422101 47 66.27450980392157
404.014750 13 111
404.284405 47 66.27450980392157
405.335409 12 2063.5
405.605405 13 111
405.877437 47 66.27450980392157
407.197072 12 2042.5
407.467283 13 111
408.520590 47 66.27450980392157
410.380633 12 1983.25
410.922790 13 110
411.191080 13 110
411.462612 47 66.27450980392157
412.782973 12 2024.25
413.053042 13 111
415.185471 12 2003.0
415.455510 13 112
417.587896 12 2184.25
417.857923 47 65.88235294117646
419.449518 12 2356.25
419.719770 13 118
419.990352 47 65.88235294117646
420.260434 47 65.88235294117646
421.582245 12 2391.25
421.852442 13 120
422.122482 47 65.88235294117646
422.393545 47 65.88235294117646
423.715100 13 120
423.984188 47 65.88235294117646
424.254441 47 65.88235294117646
425.305573 12 2269.75
425.577575 13 120
425.846065 47 65.88235294117646
427.707998 12 2332.75
427.980158 47 65.88235294117646
428.248491 47 65.88235294117646
429.840457 12 2516.5
430.110496 13 124
430.383224 47 65.88235294117646
430.650959 47 65.88235294117646
432.483353 47 65.88235294117646
433.805578 12 2303.0
434.074892 13 123
434.344847 47 65.88235294117646
434.615569 47 65.88235294117646
436.688264 47 65.88235294117646
438.999582 47 65.88235294117646
440.801342 47 65.49019607843137
441.312535 47 65.49019607843137
441.822948 12 2017.75
442.333202 13 110
442.843572 12 1975.5
443.355747 13 109
444.645472 13 108
446.447701 13 109
446.959564 12 1921.0
449.269957 12 1845.5
450.563480 13 105
454.407385 47 65.49019607843137
456.717692 47 65.09803921568627
457.228403 12 1912.0
458.552049 12 2367.75
458.820113 13 98
460.413244 12 2559.75
460.682430 12 2603.0
462.273755 12 2767.25
462.543582 12 2797.5
462.815784 47 65.49019607843137
464.405629 12 2898.75
464.676223 47 65.49019607843137
465.998278 12 2951.5
466.267336 13 112
466.537589 47 65.49019607843137
466.807914 13 113
467.078466 47 65.49019607843137
468.400618 13 116
468.669804 47 65.49019607843137
470.263321 12 2558.0
471.853051 12 2296.0
472.123602 47 65.49019607843137
472.393599 47 65.49019607843137
473.985181 12 2253.0
474.255433 13 118
474.526027 47 65.49019607843137
476.117330 12 2228.0
476.387583 47 65.49019607843137
477.710845 12 2221.5
477.979293 12 2220.5
479.571186 12 2167.5
479.841287 13 117
480.114185 47 65.49019607843137
480.381665 47 65.49019607843137
481.974764 12 2172.25
482.243737 47 65.49019607843137
484.105475 12 2164.0
484.375984 13 116
485.698264 12 2110.5
485.967224 13 115
486.237520 47 65.49019607843137
486.507773 47 65.49019607843137
487.560611 12 2101.75
487.829130 12 2109.0
488.101346 47 65.09803921568627
488.369764 47 65.09803921568627
489.691063 12 2070.5
489.963138 13 113
490.231726 47 65.09803921568627
491.552869 12 2010.75
491.823707 13 112
492.093490 47 65.09803921568627
493.414789 12 1983.75
493.685127 13 110
493.955368 47 65.09803921568627
495.548370 12 1963.25
495.817525 12 1959.75
496.087522 47 65.09803921568627
497.950893 12 1898.25
498.219695 13 107
498.489948 47 65.09803921568627
499.813367 13 106
501.673409 12 1948.25
501.943519 12 1954.5
502.215735 47 65.09803921568627
502.484238 47 65.09803921568627
504.075857 12 2032.5
504.345939 13 106
504.886390 47 65.09803921568627
505.937479 12 2067.0
506.208073 12 2079.0
506.479691 47 65.09803921568627
507.801276 12 2096.5
508.069651 13 106
508.340544 47 65.09803921568627
509.663092 12 2053.0
509.931454 12 2014.5
510.202816 13 105
510.472003 47 65.09803921568627
512.065721 12 1899.5
512.333926 12 1908.0
512.605544 47 65.09803921568627
512.874514 47 65.09803921568627
514.467986 13 105
514.736276 47 65.09803921568627
516.057621 12 2078.75
516.328300 13 106
516.598766 47 65.09803921568627
518.189793 12 2273.5
518.460046 13 108
518.730597 47 65.09803921568627
520.052920 12 2251.5
520.322021 13 109
520.592487 47 65.09803921568627
521.915458 12 2290.0
522.183962 12 2291.5
522.455452 47 65.09803921568627
522.724382 13 111
524.318166 12 2097.0
524.586286 13 111
524.858446 13 110
525.126778 13 110
525.397159 47 65.09803921568627
526.720634 12 1971.0
527.529197 12 1968.75
527.799480 13 108
528.069775 13 108
529.931668 13 108
530.201921 47 65.09803921568627
530.472472 47 65.09803921568627
530.743493 47 65.09803921568627
531.012794 47 65.09803921568627
532.334136 12 1850.5
532.604346 13 106
532.874672 47 65.09803921568627
534.468229 13 104
534.736519 47 65.09803921568627
535.007143 47 65.09803921568627
536.330040 12 1807.5
536.870125 12 1799.0
537.138927 13 101
537.409180 47 65.09803921568627
539.000804 12 1773.25
539.272337 13 100
539.541352 47 65.09803921568627
541.135537 12 1773.75
541.403272 12 1780.5
541.675744 13 100
541.943803 13 100
542.214056 47 65.09803921568627
542.484522 47 65.09803921568627
543.537787 12 1831.5
543.805970 12 1835.75
544.078441 47 65.09803921568627
545.398076 12 1858.0
545.667732 47 65.09803921568627
547.259128 12 2090.25
547.529381 13 100
547.800005 47 65.09803921568627
549.122029 12 2190.75
549.391301 13 101
549.661553 47 65.09803921568627
550.984646 12 2190.75
551.253150 13 101
551.524426 47 65.09803921568627
551.793685 47 65.09803921568627
552.063981 47 65.09803921568627
553.387797 12 2204.75
553.655575 13 101
553.926839 47 65.09803921568627
554.196537 47 65.09803921568627
555.517538 12 2214.75
555.789881 13 101
556.058728 13 102
557.379344 12 2214.75
557.650109 12 2232.0
557.920008 47 65.09803921568627
559.781812 12 2197.5
560.052394 13 104
560.322433 13 103
560.594734 47 65.09803921568627
560.862926 47 65.09803921568627
561.914015 12 1814.5
562.184268 13 102
562.454819 47 65.09803921568627
564.046306 12 1747.25
564.316431 13 100
564.586684 47 65.09803921568627
565.907997 13 99
566.181193 47 65.09803921568627
566.448673 47 65.09803921568627
567.770476 12 1716.25
568.042294 47 65.09803921568627
568.310883 47 65.09803921568627
569.631755 12 1664.5
569.902550 13 96
570.172675 47 65.09803921568627
571.493590 13 91
571.763885 47 65.09803921568627
573.355444 13 87
574.947317 13 83
575.217527 47 64.70588235294117
576.808920 12 1203.25
577.079215 13 63
578.941093 12 1138.5
579.211345 13 45
579.481641 47 64.31372549019608
581.343646 12 1422.75
582.937047 12 1816.25
583.205764 13 42
584.797296 12 1941.75
585.067335 13 46
586.929137 13 51
587.199731 47 65.09803921568627
588.791027 12 1333.75
589.061566 13 48
590.384978 12 1176.75
590.652927 13 42
592.245447 13 41
592.515231 13 40
594.106471 13 39
594.376724 47 65.09803921568627
595.698065 12 1089.0
595.969770 13 36
596.238572 47 65.09803921568627
597.710058 13 31
599.034068 12 1065.0
599.301633 13 26
599.573592 47 65.09803921568627
600.352722 13 23
601.644069 47 65.09803921568627
602.936492 12 1025.75
604.256980 47 65.09803921568627
605.308026 12 893.5
605.579559 47 65.09803921568627
606.629069 13 5
606.899694 47 65.09803921568627
607.682121 12 714.75
607.950441 47 65.09803921568627
608.222187 13 3
609.271783 12 699.25
609.543230 12 697.75
610.864901 12 688.0
611.133703 13 0
612.185020 12 698.75
613.507087 47 65.09803921568627
614.827597 47 65.09803921568627
615.610024 12 699.5
615.878387 12 699.0
616.150603 13 0
617.199942 13 1
618.252683 12 1038.25
618.521144 47 65.49019607843137
620.895439 12 713.25
621.163772 13 3
622.214734 47 65.49019607843137
623.265823 12 707.75
623.537910 13 3
623.806401 47 65.49019607843137
624.857447 12 710.25
625.127743 47 65.49019607843137
626.180709 47 65.49019607843137
627.229835 12 708.5
627.500088 47 65.49019607843137
628.282332 12 697.5
629.603801 47 65.49019607843137
630.653439 12 704.5
630.924149 13 2
631.193890 47 65.49019607843137
632.245960 13 1
633.296025 12 771.5
633.566576 47 65.49019607843137
634.348991 12 1444.25
634.617366 12 1509.0
634.888807 47 65.49019607843137
635.938658 47 65.49019607843137
636.719464 12 868.75
637.772388 12 860.5
638.040921 47 65.49019607843137
639.092181 47 65.49019607843137
640.142928 13 16
641.194188 13 22
641.465209 47 65.88235294117646
642.517450 47 65.88235294117646
642.785740 47 65.88235294117646
643.566405 12 2256.25
643.836858 47 65.88235294117646
645.159825 47 65.88235294117646
646.479247 47 65.88235294117646
647.530848 13 45
648.582386 12 2092.5
648.851730 13 49
649.902993 47 66.27450980392157
651.225572 47 66.27450980392157
652.545634 13 51
653.867859 13 49
654.917924 13 47
655.970805 13 44
656.239137 47 66.27450980392157
657.290312 13 41
658.613573 13 36
659.662742 12 1108.5
659.932861 47 65.88235294117646
660.983992 13 24
662.036447 12 1017.75
662.305291 13 19
663.356679 12 931.25
663.626676 47 65.88235294117646
664.680466 13 7
665.999832 13 2
667.050366 12 705.5
667.321302 47 65.88235294117646
668.371366 13 3
668.641918 47 65.88235294117646
669.424418 12 716.75
669.692708 47 65.88235294117646
670.743754 12 701.25
671.014080 47 65.88235294117646
672.067345 47 65.88235294117646
673.386553 47 65.88235294117646
674.167528 12 706.0
674.437610 13 0
675.758845 47 65.88235294117646
676.810220 12 698.5
678.132842 12 699.0
678.401559 47 65.88235294117646
679.452797 12 704.0
680.774992 47 65.88235294117646
682.095553 47 65.88235294117646
683.146301 12 700.75
683.418516 47 65.88235294117646
684.467582 47 65.88235294117646
685.520462 47 65.88235294117646
686.569717 12 699.5
686.840042 47 65.88235294117646
687.891472 12 698.0
689.212396 12 696.0
689.482649 47 65.88235294117646
690.805846 47 65.88235294117646
691.586268 13 0
693.656958 13 0
695.218460 13 0
695.999296 12 701.0
697.052177 13 0
697.320595 47 65.88235294117646
698.641937 13 0
698.912561 47 65.88235294117646
699.963351 12 698.5
701.284636 47 65.88235294117646
702.337560 13 0
702.606191 47 65.88235294117646
703.657280 13 0
703.927774 47 65.88235294117646
704.980399 47 65.88235294117646
706.299650 13 5
708.162764 13 18
710.025180 12 2193.5
710.293897 13 30
710.564917 47 65.88235294117646
711.614957 12 2008.25
711.885539 13 36
712.155834 47 65.88235294117646
713.747092 12 1655.0
714.017417 47 65.88235294117646
715.610676 12 1249.75
715.879465 13 36
717.472809 12 1646.75
717.741185 13 38
718.012747 47 65.88235294117646
719.603101 12 1718.0
721.645300 12 1822.25
721.915454 47 65.88235294117646
723.238954 13 55
724.828358 13 58
726.149700 12 1604.0
727.201386 12 1410.5
728.524093 13 59
729.843459 47 65.88235294117646
730.894804 12 1495.0
731.166593 47 65.88235294117646
732.486142 12 1456.5
732.756395 47 65.88235294117646
733.537274 13 64
734.858814 13 65
735.909818 13 66
736.179857 13 66
737.232269 12 1649.75
738.552458 13 69
738.822456 47 65.88235294117646
739.875123 12 1468.75
740.925355 13 69
741.977845 12 1447.5
742.245879 12 1451.5
743.567178 12 1460.25
743.837802 47 65.88235294117646
744.888549 13 73
746.209891 13 74
747.263241 47 65.88235294117646
747.531233 47 65.88235294117646
748.312022 13 74
749.633406 12 1363.75
750.954735 13 74
752.276290 13 74
753.597376 12 1742.25
753.867666 13 76
754.918798 12 1985.5
755.190970 47 65.49019607843137
756.510327 47 65.49019607843137
757.561416 13 83
758.882665 12 2042.25
759.152918 47 65.49019607843137
759.934024 12 1729.25
760.204106 13 84
761.256517 13 84
762.306113 47 65.49019607843137
763.359207 12 1576.0
763.627455 13 83
764.949069 13 84
766.001822 12 1522.25
766.270283 13 83
767.591534 12 1424.0
768.644330 12 1370.25
768.913034 13 77
770.234162 13 68
771.287171 12 1238.0
771.555674 47 65.09803921568627
772.336243 12 1243.0
772.606496 47 65.09803921568627
773.657798 13 54
774.979127 13 41
776.572383 47 64.70588235294117
777.621552 12 1000.25
777.892249 47 64.70588235294117
779.214999 47 64.70588235294117
780.264253 12 1028.25
781.315576 12 1412.0
781.585615 47 64.70588235294117
782.637643 13 11
782.906902 47 64.70588235294117
784.228191 13 7
785.280517 13 7
786.600878 13 8
787.924388 13 8
788.973301 13 10
789.243852 47 64.70588235294117
790.025969 12 1441.0
790.294685 12 1328.0
790.566047 47 65.09803921568627
791.615643 12 1104.75
791.886395 47 65.09803921568627
792.936975 13 13
793.988064 12 973.25
794.258316 47 64.70588235294117
795.311325 13 10
796.360475 13 7
797.682115 12 966.5
797.953934 47 64.70588235294117
799.273441 13 13
800.324496 12 1682.5
800.596626 47 65.09803921568627
801.646051 12 1627.25
801.916238 47 65.09803921568627
803.507705 47 65.09803921568627
804.318482 47 65.09803921568627
805.820266 13 37
806.090348 47 65.09803921568627
807.142589 12 2548.25
807.411605 47 65.09803921568627
808.462992 12 2343.5
808.732989 47 65.09803921568627
809.785742 13 51
810.835083 12 1486.25
811.105891 13 52
812.156425 12 1273.75
812.428641 47 65.09803921568627
813.477895 12 1122.0
813.748361 47 65.09803921568627
814.799071 12 1131.75
815.071317 47 65.09803921568627
815.850190 12 1121.25
816.120912 47 65.09803921568627
817.173324 13 50
817.441785 47 65.09803921568627
818.492831 13 48
819.816576 13 45
820.084439 47 65.09803921568627
821.405781 12 1008.25
821.676844 47 65.09803921568627
822.998770 12 968.0
823.267658 13 18
823.537953 47 65.09803921568627
823.808236 47 64.70588235294117
825.402007 12 586.75
825.670425 13 2
825.940540 47 64.70588235294117
827.263460 12 716.0
827.531921 13 0
827.803398 47 64.70588235294117
829.123844 12 712.75
829.393883 13 0
830.985679 12 714.5
833.117591 12 709.25
833.387887 13 0
833.658139 47 65.09803921568627
834.979937 12 710.25
835.251854 13 0
837.113560 12 707.0
837.381979 13 0
837.653810 47 65.09803921568627
838.973812 12 706.0
839.243852 47 65.09803921568627
840.565108 12 704.5
840.835391 47 65.09803921568627
842.426985 12 701.75
842.699883 13 0
843.237944 47 65.49019607843137
844.829376 12 703.25
845.100653 13 0
845.369925 47 65.49019607843137
846.963384 12 699.0
847.231802 47 65.49019607843137
848.823725 12 705.75
849.093722 47 65.49019607843137
850.685284 12 720.75
850.955695 13 3
852.276866 12 747.75
852.549081 12 844.0
852.817444 47 65.49019607843137
854.138956 12 1820.75
854.410958 47 65.49019607843137
856.000685 12 1359.75
856.271237 47 65.88235294117646
857.862605 12 1063.25
858.132858 13 20
859.455929 12 1881.75
859.724475 12 1899.0
859.995910 12 1908.75
860.264968 47 65.88235294117646
861.858572 12 1943.5
862.127758 13 31
862.399675 47 65.88235294117646
862.667880 47 65.88235294117646
864.260784 12 1332.75
864.529714 13 32
865.580291 12 1176.5
865.850834 13 32
866.121129 12 1170.75
866.391168 13 31
867.982716 12 1423.25
868.252969 13 31
869.845820 12 1999.0
870.114878 13 35
870.385131 13 36
870.655383 47 65.88235294117646
872.248212 12 1374.0
872.517270 12 1326.5
872.787523 12 1288.25
873.057849 13 36
873.328400 47 65.88235294117646
874.651534 12 1166.0
874.920096 47 65.88235294117646
876.241224 12 1578.25
876.513354 13 33
876.781815 13 34
878.373525 12 1477.75
878.643564 47 65.88235294117646
880.776897 12 983.25
881.045985 12 958.5
881.318157 47 65.88235294117646
882.907836 12 750.0
883.178387 47 65.88235294117646
883.448427 13 2
883.720557 47 65.88235294117646
883.988844 13 0
884.260547 13 0
884.529392 47 65.88235294117646
886.123320 12 710.75
886.392037 13 0
888.253226 12 710.5
888.525570 13 0
888.793689 13 0
889.065935 47 65.88235294117646
889.334225 47 65.88235294117646
890.385655 13 0
890.655908 47 65.88235294117646
891.976938 12 711.75
892.247233 13 0
892.517572 47 65.88235294117646
893.570367 12 702.25
893.838786 13 0
894.110276 47 65.88235294117646
895.430679 12 705.75
895.700761 13 0
895.972751 47 65.88235294117646
897.292300 12 1251.25
897.562553 13 5
897.833104 47 65.88235294117646
899.425211 12 1623.0
899.695592 13 13
900.236042 47 65.88235294117646
901.557853 12 863.75
901.826898 47 65.88235294117646
903.420455 12 718.5
903.688788 12 712.25
903.960351 13 0
904.229366 47 65.88235294117646
905.550668 12 705.25
905.822871 13 0
906.091289 47 65.88235294117646
907.412801 12 699.25
907.683096 12 703.0
907.953123 12 704.25
908.225296 47 65.88235294117646
908.493629 47 65.88235294117646
910.085765 13 0
910.355591 47 65.88235294117646
911.947086 12 703.5
912.217339 13 0
912.487890 13 0
913.809945 13 0
914.079259 47 65.88235294117646
915.941132 12 702.25
916.212409 47 65.88235294117646
917.803001 12 704.75
919.394584 12 708.25
919.664837 47 66.27450980392157
921.526726 13 2
921.796979 47 66.27450980392157
922.067517 47 66.27450980392157
923.389263 12 710.75
923.660369 13 0
923.929628 47 66.27450980392157
925.250585 12 699.75
925.522758 13 0
927.112419 12 700.5
927.383226 13 0
928.974302 12 707.0
929.244555 13 0
930.836222 12 704.25
931.107712 13 0
932.970150 12 700.25
933.238611 47 66.27450980392157
934.559936 12 705.75
934.830517 13 0
935.100642 47 66.27450980392157
936.962868 13 9
937.233676 47 66.27450980392157
938.555427 12 2189.0
938.824216 13 22
939.094725 47 66.27450980392157
941.226601 12 1419.5
941.496854 12 1357.25
941.767150 13 28
943.088479 12 1834.5
943.360481 13 29
944.680368 12 1644.75
944.950438 13 32
946.541947 12 1309.5
946.812784 12 1319.25
947.082781 12 1368.75
947.352863 47 66.27450980392157
948.674282 12 1249.0
948.944522 12 1218.25
949.214903 47 66.27450980392157
951.076652 12 1438.0
951.346862 13 31
951.617200 47 66.27450980392157
952.938438 12 1302.75
953.209715 13 31
955.340875 13 30
956.932798 12 1086.0
957.202795 13 25
958.794387 13 21
960.117704 12 1049.0
960.386719 13 19
960.658636 47 65.88235294117646
961.977917 12 1025.0
962.248255 47 65.88235294117646
963.839408 13 14
965.431344 13 13
967.565284 12 959.0
967.833476 13 10
968.105222 47 65.49019607843137
969.154817 12 932.0
969.425369 13 9
969.695323 47 65.49019607843137
971.016695 12 951.75
971.287289 12 938.0
971.557243 13 9
971.827812 47 65.49019607843137
973.419650 13 9
973.689391 47 65.49019607843137
975.012768 13 9
975.281271 13 9
976.602255 12 898.75
976.872880 47 65.49019607843137
977.923627 13 5
978.974681 12 703.75
979.244934 13 2
980.297943 12 687.25
980.566275 13 1
981.887647 12 705.25
982.158199 47 65.09803921568627
983.208989 12 703.5
983.481162 47 65.09803921568627
983.749537 47 65.09803921568627
984.801351 13 0
985.071247 47 65.09803921568627
986.123105 13 0
987.443508 13 0
988.494298 12 694.25
988.765789 47 65.09803921568627
989.545328 12 698.75
989.815624 47 65.09803921568627
990.596814 12 706.0
991.917802 13 0
992.970085 12 703.75
993.239143 13 2
994.560442 13 2
995.611770 12 705.0
995.881968 47 64.70588235294117
996.934517 13 0
997.203745 47 64.70588235294117
998.254621 12 706.75
998.524404 47 64.70588235294117
999.576688 47 64.70588235294117
1000.626540 13 0
1001.679627 47 64.70588235294117
1002.729564 47 64.70588235294117
1003.779970 12 704.25
1004.050040 13 0
1005.641762 47 64.70588235294117
1006.692681 12 704.25
1006.965651 47 64.70588235294117
1008.284236 12 702.0
1008.554489 47 64.70588235294117
1009.607540 13 0
1009.876031 47 64.70588235294117
1010.926949 13 0
1011.978038 12 705.0
1013.030748 13 2
1014.350662 13 2
1014.620701 47 64.70588235294117
1015.401405 12 724.25
1015.672725 47 64.70588235294117
1016.722790 47 64.70588235294117
1017.775730 47 64.70588235294117
1018.824971 12 1874.5
1019.095181 47 64.70588235294117
1020.146270 13 25
1020.418742 47 64.70588235294117
1021.737985 12 2347.5
1022.008157 13 35
1023.061379 13 40
1023.329755 47 64.70588235294117
1024.380715 47 64.70588235294117
1025.703934 47 64.70588235294117
1027.023215 47 64.70588235294117
1028.074225 47 64.70588235294117
1029.126220 13 53
1030.447561 13 54
1031.497626 13 55
1031.769372 47 64.70588235294117
1032.818998 12 1566.0
1034.140340 12 1436.75
1034.412512 47 64.70588235294117
1035.461980 13 46
1036.514648 12 1242.5
1036.783066 47 64.70588235294117
1037.834100 12 1196.5
1038.104353 47 64.31372549019608
1038.885231 12 1186.25
1039.157362 47 64.31372549019608
1040.207085 12 1745.5
1040.476740 47 64.31372549019608
1041.527957 47 64.31372549019608
1042.579800 13 43
1043.629907 13 44
1044.683471 12 1648.75
1044.951236 47 64.31372549019608
1046.002325 13 47
1047.326405 47 64.31372549019608
1048.374678 13 46
1049.426748 12 1179.0
1049.696105 47 64.31372549019608
1050.748346 12 1155.25
1051.017391 13 40
1052.338908 47 64.31372549019608
1053.390988 13 27
1054.711391 47 64.31372549019608
1056.033915 12 1061.0
1057.354062 13 20
1058.677281 12 1592.75
1059.996860 47 63.92156862745098
1061.047558 12 1796.25
1061.318963 47 63.92156862745098
1062.368900 12 1422.0
1063.422037 12 1162.75
1063.690242 47 63.92156862745098
1064.741230 12 1038.25
1065.011513 13 18
1066.064388 47 63.92156862745098
1066.332849 47 63.92156862745098
1069.756264 12 706.5
1070.026589 47 63.92156862745098
1071.077882 13 0
1072.399053 13 0
1073.450270 12 700.75
1073.720309 47 63.92156862745098
1074.772337 12 707.5
1075.041638 13 0
1076.092983 13 0
1077.415733 12 704.25
1077.684876 13 0
1078.735617 12 698.0
1079.005815 13 0
1080.058269 12 702.75
1080.326943 47 63.92156862745098
1081.378501 12 1569.75
1081.648498 47 63.92156862745098
1082.701294 12 1969.75
1082.969576 47 63.92156862745098
1085.343310 12 2066.0
1085.612240 13 31
1086.664566 12 2099.75
1086.933654 47 63.92156862745098
1087.986279 13 39
1089.306554 13 44
1090.357088 12 2049.0
1090.628578 47 64.31372549019608
1091.678362 12 2030.75
1091.948986 13 53
1092.999721 12 2030.5
1093.271468 13 58
1094.591615 13 63
1095.915034 12 2126.5
1096.184476 47 64.31372549019608
1096.964459 12 2143.75
1097.234797 47 64.31372549019608
1098.285545 12 2111.0
1099.336455 13 76
1100.659461 12 2074.5
1100.927738 47 64.31372549019608
1101.978879 12 1924.5
1102.249046 13 80
1103.302012 12 1807.75
1103.570388 12 1805.0
1104.891759 12 1775.0
1105.163250 47 64.31372549019608
1106.484335 13 84
1107.534400 12 1758.0
1107.804951 47 64.31372549019608
1108.855861 13 85
1109.906822 12 1769.0
1110.177288 47 64.31372549019608
1111.229858 13 87
1112.819691 12 1647.25
1113.872674 12 1664.0
1114.141006 47 64.70588235294117
1115.192095 13 91
1117.564483 47 64.70588235294117
1118.615871 12 1639.0
1118.885940 47 64.70588235294117
1119.939028 12 1619.75
1120.207104 47 64.31372549019608
1121.259004 12 1614.5
1121.529129 47 64.31372549019608
1122.580772 13 92
1122.849860 47 64.31372549019608
1123.902144 47 64.31372549019608
1124.952123 12 1488.0
1125.223699 47 64.31372549019608
1126.273233 12 1373.5
1126.543828 47 64.31372549019608
1127.594575 13 75
1128.915926 12 1216.0
1129.186733 47 64.31372549019608
1130.237267 12 1211.25
1131.288356 12 1171.5
1131.558609 47 63.92156862745098
1132.611661 13 45
1133.931605 47 63.92156862745098
1134.982343 12 1128.0
1136.034543 12 1040.5
1136.303345 13 23
1136.573598 13 21
1137.624730 12 1001.25
1137.896908 47 63.92156862745098
1138.946034 13 12
1139.997421 13 12
1141.320854 12 2142.75
1142.640787 12 2324.5
1142.910387 47 63.92156862745098
1143.962330 12 2442.5
1144.231686 47 64.31372549019608
1145.282769 13 42
1146.874483 12 2338.75
1147.144394 13 50
1148.195568 13 55
1149.247724 12 2210.5
1149.516782 47 64.31372549019608
1150.568383 12 2201.0
1150.838025 47 64.70588235294117
1151.890798 13 70
1153.210731 47 64.70588235294117
1154.261607 12 2115.0
1155.582820 47 64.70588235294117
1156.636000 12 1824.75
1156.904192 47 64.70588235294117
1157.955220 12 1694.5
1158.225985 13 85
1159.547198 13 87
1160.597859 12 1670.75
1160.868270 13 88
1162.189484 13 90
1163.510822 12 1639.5
1164.563703 12 1631.0
1164.832194 47 65.09803921568627
1165.612957 12 1635.5
1165.883264 13 93
1166.934353 13 94
1167.206483 47 65.09803921568627
1168.255652 13 94
1169.307125 12 1648.75
1170.358256 12 1654.0
1170.630216 47 65.09803921568627
1171.949753 13 94
1172.219963 47 65.09803921568627
1173.272177 13 94
1173.540979 47 65.09803921568627
1174.592367 13 94
1174.862394 47 65.09803921568627
1175.914579 13 94
1177.235452 13 92
1178.017269 12 1601.0
1178.285730 47 65.09803921568627
1179.336790 13 90
1180.660606 47 65.09803921568627
1181.709178 12 1528.0
1181.979460 47 65.09803921568627
1183.030890 47 65.09803921568627
1184.083737 13 87
1185.132607 12 1540.75
1185.403415 13 87
1186.725439 13 88
1187.775291 12 1567.25
1188.045910 47 65.09803921568627
1189.096657 13 89
1189.368617 47 65.09803921568627
1190.417999 12 1572.0
1190.688550 47 65.09803921568627
1191.470922 13 89
1191.739341 47 65.09803921568627
1192.790291 12 1577.5
1193.060787 13 89
1194.113924 13 88
1195.163477 12 1528.5
1195.433729 47 65.09803921568627
1196.756138 13 86
1197.024799 47 65.09803921568627
1198.075647 12 1498.0
1198.346071 47 65.09803921568627
1199.126822 12 1468.75
1199.399122 47 65.09803921568627
1200.718331 13 83
1200.988600 47 65.09803921568627
1201.769449 12 1444.5
1202.041481 47 65.09803921568627
1203.090778 12 1433.25
1203.361031 47 65.09803921568627
1204.412163 12 1464.25
1205.733675 12 1528.0
1206.003824 47 65.09803921568627
1207.054785 13 81
1208.646763 47 65.09803921568627
1209.969814 47 65.09803921568627
1211.018940 12 1397.75
1211.289022 47 65.09803921568627
1212.340175 13 77
1213.661389 47 65.09803921568627
1214.712862 13 73
1215.763520 12 1301.5
1216.035083 47 65.09803921568627
1217.084892 12 1293.75
1217.355486 47 65.09803921568627
1218.406167 12 1346.0
1218.678639 47 65.09803921568627
1219.998645 13 70
1220.268514 47 65.09803921568627
1221.320371 12 1267.5
1222.640816 47 65.09803921568627
1223.691724 12 1535.75
1224.742685 12 1542.75
1225.013139 47 65.09803921568627
1226.065764 12 1522.75
1226.334310 13 71
1227.656274 47 65.09803921568627
1228.708472 47 65.09803921568627
1228.976877 47 65.09803921568627
1230.027924 47 65.09803921568627
1231.079041 12 1418.5
1231.351342 47 65.09803921568627
1232.400682 12 1498.25
1233.721725 12 1542.0
1235.043053 13 76
1236.095289 12 1687.75
1236.364389 12 1713.0
1237.685646 47 65.09803921568627
1238.736991 47 65.09803921568627
1239.787781 13 87
1240.838857 12 1896.25
1242.162078 13 93
1242.430581 47 65.09803921568627
1243.481499 12 1917.0
1244.804633 13 98
1245.073636 47 65.09803921568627
1245.854856 12 1773.0
1246.124298 47 65.09803921568627
1247.175410 47 65.09803921568627
1248.228011 13 100
1249.548158 47 65.09803921568627
1250.598620 12 1713.75
1250.870354 13 98
1251.139369 47 64.70588235294117
1252.190543 13 97
1253.241334 12 1657.5
1254.562675 13 88
1255.615678 47 64.70588235294117
1256.664889 12 1459.25
1257.986116 12 1416.25
1258.258203 47 64.70588235294117
1259.577668 12 1388.75
1259.847950 47 64.70588235294117
1260.629055 12 1561.75
1260.900959 47 64.70588235294117
1261.950087 12 1462.0
1263.001432 12 1429.25
1263.271557 47 64.70588235294117
1264.324011 13 79
1265.373564 12 1523.5
1265.644115 13 78
1266.694905 12 1446.25
1269.069627 47 64.70588235294117
1270.659046 47 64.70588235294117
1271.711927 13 81
1272.761028 12 2187.25
1273.031353 47 64.70588235294117
1274.082358 12 2288.0
1274.354445 47 64.70588235294117
1275.403614 12 2340.0
1276.455002 12 2076.25
1276.725041 13 83
1277.777282 12 1835.0
1278.046370 47 64.70588235294117
1279.097836 47 64.70588235294117
1279.880549 12 1607.25
1280.148455 47 64.70588235294117
1281.469797 13 73
1282.522806 13 72
1282.791224 47 64.70588235294117
1283.842363 13 69
1284.893282 12 1511.25
1285.165668 47 64.70588235294117
1286.214623 13 67
1287.265900 13 68
1288.587924 12 1469.0
1288.857269 47 64.70588235294117
1289.908756 13 69
1290.959333 12 1397.0
1291.232743 47 64.70588235294117
1292.280674 13 72
1293.333615 12 1538.5
1293.601990 13 74
1294.923660 13 75
1295.193913 13 75
1296.244774 13 76
1296.516434 47 64.70588235294117
1297.566030 12 1502.75
1297.836574 47 64.70588235294117
1298.887322 12 1549.25
1299.158599 47 64.70588235294117
1300.208664 12 1570.0
1301.261800 13 81
1302.311695 13 82
1303.362186 13 82
1304.684655 13 82
1305.734250 13 82
1306.787344 12 1452.0
1307.055877 13 81
1308.106710 12 1390.5
1309.430697 13 77
1309.698176 47 64.31372549019608
1310.749393 12 1322.5
1311.019975 47 64.31372549019608
1312.072719 12 1315.25
1312.340881 13 72
1313.391970 12 1437.75
1313.662222 47 64.31372549019608
1314.715171 12 1555.75
1314.983576 47 64.31372549019608
1316.034584 13 78
1317.085673 12 1825.25
1317.358059 47 64.31372549019608
1318.406972 12 1974.5
1318.677267 47 64.31372549019608
1319.728612 12 2045.25
1321.050197 13 89
1321.319981 47 64.31372549019608
1322.371069 13 90
1323.962574 12 1647.0
1325.013706 12 1624.5
1325.286007 47 64.31372549019608
1326.334997 12 1568.25
1326.605249 47 64.31372549019608
1327.656381 12 1544.0
1328.977825 13 85
1330.029554 12 1467.75
1330.299081 47 64.31372549019608
1331.620807 13 83
1332.671874 13 82
1333.722450 12 1458.5
1333.994141 47 64.31372549019608
1335.043822 12 1508.25
1335.314374 47 64.31372549019608
1336.636398 47 64.31372549019608
1337.686591 47 64.31372549019608
1338.739740 13 85
1339.007804 47 64.31372549019608
1340.058978 12 1565.5
1341.110152 12 1560.25
1342.431281 12 1510.5
1342.701662 47 64.31372549019608
1344.025125 47 64.31372549019608
1345.344418 13 83
1346.395260 12 1483.25
1347.716559 13 83
1348.768374 12 1466.25
1349.037960 47 64.31372549019608
1349.818741 12 1424.5
1351.139997 12 1414.0
1351.410805 47 64.31372549019608
1352.192967 12 1444.75
1352.461343 47 64.31372549019608
1353.512389 13 81
1354.563478 12 1488.75
1354.835766 47 64.31372549019608
1355.884831 13 83
1356.936559 12 1545.0
1357.206215 13 84
1358.527642 13 84
1358.797767 47 64.31372549019608
1359.578793 12 1551.0
1359.849033 13 85
1360.901103 12 1551.25
1361.170417 13 86
1362.491545 47 64.31372549019608
1363.543517 13 86
1364.864187 12 1493.75
1366.455443 13 84
1366.725824 47 64.31372549019608
1367.776827 13 83
1369.098291 13 82
1369.368629 47 64.31372549019608
1370.419505 13 82
1371.740801 12 1457.5
1373.062152 12 1454.75
1374.383440 47 64.31372549019608
1375.434785 13 81
1376.486727 13 81
1376.757663 47 64.31372549019608
1377.806915 13 80
1378.077496 47 64.31372549019608
1379.128286 12 1370.5
1379.399521 47 64.31372549019608
1380.450404 12 1360.25
1380.720785 47 64.31372549019608
1381.771063 12 1357.25
1382.042373 47 63.92156862745098
1383.092224 12 1319.5
1383.362989 13 75
1384.684800 47 63.92156862745098
1385.734865 47 63.92156862745098
1386.787875 47 63.92156862745098
1387.837031 12 1281.0
1388.107284 47 63.92156862745098
1389.158415 12 1273.75
1389.430417 47 63.92156862745098
1390.749933 13 68
1392.073508 47 63.92156862745098
1392.341542 47 63.92156862745098
1394.715832 47 63.92156862745098
1395.765162 12 1251.0
1396.035305 47 63.92156862745098
1397.086393 13 63
1398.138468 12 1444.0
1398.407654 47 63.92156862745098
1399.729209 13 65
1400.781536 12 1486.5
1401.050317 47 63.92156862745098
1402.371701 13 65
1403.423729 12 1383.75
1403.693000 47 63.92156862745098
1404.745906 12 1534.5
1405.014354 47 63.92156862745098
1406.067406 13 67
1407.116532 47 63.92156862745098
1409.218582 13 70
1410.539930 47 63.92156862745098
1411.591958 12 1695.0
1411.861259 47 63.92156862745098
1412.912599 12 1492.75
1413.182638 47 63.92156862745098
1414.235025 12 1420.25
1414.504168 47 63.92156862745098
1415.284663 12 1543.25
1415.555214 47 63.92156862745098
1416.878195 13 77
1418.199025 13 78
1419.249047 47 63.92156862745098
1420.299795 13 80
1421.351182 12 1520.5
1422.404106 12 1483.75
1423.452976 12 1445.0
1423.724040 13 82
1424.505779 12 1487.75
1424.774240 13 82
1425.825348 13 82
1426.095771 47 63.92156862745098
1427.148780 47 63.92156862745098
1428.467966 13 80
1429.791398 47 63.92156862745098
1430.060486 47 63.92156862745098
1431.110971 13 78
1432.161804 13 78
1433.214002 12 1388.25
1434.534385 13 80
1435.856889 12 1544.25
1436.125691 47 63.92156862745098
1437.447161 47 63.92156862745098
1438.768375 13 85
1439.819766 13 86
1441.143924 47 63.529411764705884
1441.411062 47 63.529411764705884
1442.191980 12 1593.25
1442.463599 47 63.529411764705884
1443.784884 47 63.529411764705884
1445.105105 47 63.529411764705884
1446.427561 12 1575.0
1446.696363 12 1572.5
1446.966645 13 90
1447.236898 47 63.529411764705884
1449.369033 13 89
1449.639328 47 63.529411764705884
1450.960700 12 1523.75
1451.232745 12 1513.0
1451.501974 13 87
1453.095171 13 86
1453.363119 13 86
1454.955043 12 1533.0
1455.225765 13 87
1456.277280 13 87
1457.597673 47 63.529411764705884
1458.648389 12 1582.0
1458.920165 47 63.529411764705884
1460.240269 13 88
1460.510693 47 63.529411764705884
1461.562592 13 88
1462.883025 12 1548.0
1463.153022 47 63.529411764705884
1464.474321 12 1536.25
1465.795706 47 63.529411764705884
1466.848702 12 1512.25
1467.117163 47 63.529411764705884
1468.168510 47 63.529411764705884
1469.219173 12 1509.75
1469.491260 47 63.529411764705884
1470.541571 12 1487.75
1471.593215 12 1477.25
1471.861748 47 63.529411764705884
1472.912794 12 1493.75
1473.183260 13 84
1474.236354 13 84
1474.504602 47 63.529411764705884
1475.285183 12 1457.75
1475.555435 47 63.529411764705884
1477.658775 47 63.529411764705884
1478.708626 13 82
1480.030595 13 82
1481.351340 13 82
1482.672681 13 83
1482.944677 47 63.529411764705884
1483.993975 12 1698.25
1484.264526 47 63.529411764705884
1485.046856 12 1701.0
1485.315317 13 84
1486.366293 12 1715.25
1486.637100 47 63.529411764705884
1487.689555 47 63.529411764705884
1488.739705 12 1503.5
1490.060138 12 1491.0
1490.332652 47 63.529411764705884
1491.381437 12 1507.25
1491.651903 13 84
1492.703077 12 1504.5
1492.974959 47 63.529411764705884
1494.024128 13 85
1495.345478 47 63.529411764705884
1496.126229 12 1487.5
1496.397933 13 85
1497.447571 13 85
1498.500622 13 84
1498.768912 47 63.529411764705884
1499.549706 13 84
1500.601018 13 83
1501.923115 13 82
1503.243689 13 82
1504.294565 12 1414.25
1504.567207 47 63.13725490196078
1505.615914 13 81
1506.668581 12 1412.25
1506.937108 13 81
1507.988196 13 81
1509.039328 12 1502.75
1510.360584 13 83
1510.630880 47 63.13725490196078
1511.411921 12 1554.25
1511.681960 47 63.13725490196078
1512.734244 12 1580.5
1513.003247 13 86
1513.273542 47 63.13725490196078
1514.324548 13 87
1515.376593 12 1529.5
1515.645864 47 63.13725490196078
1516.698582 13 86
1517.748177 13 85
1518.019759 47 63.13725490196078
1518.799029 12 1482.75
1519.069312 13 85
1520.122363 12 1499.5
1520.390867 13 85
1521.711995 12 1478.5
1522.765004 13 81
1524.084481 13 78
1525.135484 12 1344.5
1526.457381 13 76
1527.508342 13 75
1528.558881 12 1325.25
1528.830870 47 62.745098039215684
1530.151188 13 76
1530.933218 12 1493.0
1531.202234 13 76
1532.252640 12 1400.25
1532.522936 47 62.745098039215684
1533.575762 47 62.745098039215684
1533.844253 47 62.745098039215684
1534.895322 13 74
1535.946411 12 1373.5
1536.218541 47 62.745098039215684
1537.267710 12 1467.5
1537.537963 47 62.745098039215684
1538.589052 13 73
1539.641378 12 1521.75
1539.910423 47 62.745098039215684
1540.961768 13 74
1542.013091 13 75
1543.063625 12 1554.0
1543.333963 47 62.745098039215684
1544.386972 13 77
1545.706265 13 77
1546.757397 13 76
1548.348861 47 62.745098039215684
1548.619370 47 62.745098039215684
1549.672592 13 76
1550.991574 13 76
1553.364005 13 75
1554.416673 13 76
1555.737972 13 75
1556.787364 12 1397.0
1557.057988 47 62.745098039215684
1557.840360 12 1408.0
1558.108949 12 1399.25
1559.159782 13 75
1559.430077 47 62.745098039215684
1560.483171 13 76
1560.751419 47 62.745098039215684
1561.802465 12 1566.0
1562.072790 47 62.745098039215684
1563.125803 13 78
1564.445096 12 1649.25
1564.715392 13 80
1565.768230 12 1674.0
1566.036763 12 1677.25
1566.308979 47 62.745098039215684
1567.088322 12 1691.0
1567.358532 47 62.745098039215684
1568.411000 13 82
1568.679674 47 62.745098039215684
1569.730464 13 83
1571.054341 47 62.745098039215684
1572.373076 13 82
1573.424208 12 1425.5
1573.696338 47 62.745098039215684
1575.015775 47 62.745098039215684
1576.066907 12 1363.5
1577.119205 12 1353.25
1577.388135 47 62.745098039215684
1578.709520 47 62.745098039215684
1580.031127 13 74
1581.082379 12 1345.75
1581.352333 47 62.35294117647059
1582.404446 13 74
1583.724806 12 1372.75
1583.994875 47 62.35294117647059
1585.046903 13 73
1586.367519 47 62.35294117647059
1587.418309 13 71
1588.739550 47 62.35294117647059
1589.793412 47 62.35294117647059
1590.841715 13 69
1592.163173 13 70
1593.215116 13 71
1593.484558 47 62.35294117647059
1594.535732 12 1549.25
